nFK_0010_Vortag,nFK_1020_Vortag,nFK_2030_Vortag,nFK_3040_Vortag,nFK_4050_Vortag,nFK_5060_Vortag,tage_seit_aussaat,Tmean_gradC,Tmean_th9_25_gradC,Tmin_gradC,Tmax_gradC,relLuftfeuchte_mean_prozent,relLuftfeuchte_min_prozent,relLuftfeuchte_max_prozent,globalstrahlung_Wh_m2,windgeschwindigkeit_m_s,tageslicht_h,tageslicht_h_th9,Tmean_gradC_sum,Tmean_th9_25_gradC_sum,globalstrahlung_Wh_m2_sum,niederschlag_mm_sum,tageslicht_h_sum,tageslicht_h_th9_sum,Ton_prozent,Schluff_prozent,Sand_prozent,C_org_prozent,ibi,irmi,wasser_input_Vortag
100,100,100,100,100,100,1,10.5,10.5,1.2,18.4,64,44,91,6183.3,1.3,14.29,14.29,10.5,10.5,6183.3,1.9,14.29,14.29,46.5,35.5,18,1.2,0.18,10.63,0
,,,,,,2,13.3,13.3,9.6,19.7,89.5,85,96,1543.9,2.1,14.35,14.35,23.8,23.8,7727.2,16.2,28.64,28.64,46.5,35.5,18,1.2,0.18,10.63,1.9
,,,,,,3,12.6,12.6,8.7,15.7,82.2,72,97,2672.5,2.6,14.4,14.4,36.4,36.4,10399.7,16.2,43.04,43.04,46.5,35.5,18,1.2,0.18,10.63,14.3
,,,,,,4,14.4,14.4,10.2,20.6,60.5,41,80,4847.5,2.5,14.46,14.46,50.8,50.8,15247.2,16.2,57.5,57.5,46.5,35.5,18,1.2,0.18,10.63,0
,,,,,,5,14.1,14.1,8.2,20.2,63.5,48,78,4763.3,1.5,14.51,14.51,64.9,64.9,20010.5,16.3,72.01,72.01,46.5,35.5,18,1.2,0.18,10.63,0
,,,,,,6,12.5,12.5,7.3,18,69.8,54,83,5117.5,3.2,14.56,14.56,77.4,77.4,25128,16.3,86.57,86.57,46.5,35.5,18,1.2,0.18,10.63,0.1
,,,,,,7,11.9,11.9,4.9,19.1,61.2,38,77,7221.9,2,14.62,14.62,89.3,89.3,32349.9,16.3,101.19,101.19,46.5,35.5,18,1.2,0.18,10.63,0
,,,,,,8,15.4,15.4,6.4,24.5,59.8,40,81,7047.8,1.9,14.67,14.67,104.7,104.7,39397.7,16.3,115.86,115.86,46.5,35.5,18,1.2,0.18,10.63,0
,,,,,,9,16.4,16.4,9.8,23.4,76.5,47,88,5111.9,2.7,14.72,14.72,121.1,121.1,44509.6,17.9,130.58,130.58,46.5,35.5,18,1.2,0.18,10.63,0
,,,,,,10,16.4,16.4,8.5,22.1,73,54,93,6229.2,1.5,14.78,14.78,137.5,137.5,50738.8,17.9,145.36,145.36,46.5,35.5,18,1.2,0.22,11.06,1.6
,,,,,,11,16.3,16.3,11.9,23.6,77.8,58,95,4225.8,1.7,14.83,14.83,153.8,153.8,54964.6,22.9,160.19,160.19,46.5,35.5,18,1.2,0.28,11.49,0
,,,,,,12,15.4,15.4,13.2,18.7,89.2,82,98,2102.8,1.2,14.88,14.88,169.2,169.2,57067.4,22.9,175.07,175.07,46.5,35.5,18,1.2,0.34,11.93,5
,,,,,,13,15.9,15.9,10.3,20.8,87,71,98,3244.7,2.2,14.93,14.93,185.1,185.1,60312.1,30.3,190,190,46.5,35.5,18,1.2,0.42,12.38,0
,,,,,,14,14.5,14.5,9.6,17.9,78.8,64,95,4021.1,3,14.98,14.98,199.6,199.6,64333.2,30.3,204.98,204.98,46.5,35.5,18,1.2,0.52,12.83,7.4
,,,,,,15,12.3,12.3,8.5,16.5,82.5,69,88,2740,1.5,15.03,15.03,211.9,211.9,67073.2,32.9,220.01,220.01,46.5,35.5,18,1.2,0.64,13.28,0
,,,,,,16,13.5,13.5,8.9,17.1,83.2,68,98,2231.1,1.9,15.07,15.07,225.4,225.4,69304.3,32.9,235.08,235.08,46.5,35.5,18,1.2,0.77,13.73,2.6
,,,,,,17,14.4,14.4,8.1,20.6,74.8,56,96,5306.1,2.2,15.12,15.12,239.8,239.8,74610.4,33.2,250.2,250.2,46.5,35.5,18,1.2,0.93,14.18,0
,,,,,,18,14.5,14.5,9.3,19.9,73.8,54,92,6009.2,2.3,15.17,15.17,254.3,254.3,80619.6,33.2,265.37,265.37,46.5,35.5,18,1.2,1.12,14.64,0.3
,,,,,,19,15.3,15.3,8,21.9,65,46,80,5813.9,2,15.22,15.22,269.6,269.6,86433.5,34.3,280.59,280.59,46.5,35.5,18,1.2,1.32,15.09,0
,,,,,,20,12.5,12.5,8.2,16.7,66.2,40,81,3592.2,4.5,15.26,15.26,282.1,282.1,90025.7,34.3,295.85,295.85,46.5,35.5,18,1.2,1.54,15.54,1.1
,,,,,,21,11.7,11.7,5.8,17,60,45,73,6044.7,2.9,15.31,15.31,293.8,293.8,96070.4,34.3,311.16,311.16,46.5,35.5,18,1.2,1.78,15.99,0
,,,,,,22,13,13,5.7,19.2,54.8,42,70,7941.4,3,15.35,15.35,306.8,306.8,104011.8,34.3,326.51,326.51,46.5,35.5,18,1.2,2.02,16.43,0
,,,,,,23,14.7,14.7,7.9,20.5,59,46,70,5524.2,3,15.39,15.39,321.5,321.5,109536,34.3,341.9,341.9,46.5,35.5,18,1.2,2.27,16.87,0
,,,,,,24,17,17,11.5,22.6,62.2,54,73,5999.2,4.1,15.43,15.43,338.5,338.5,115535.2,34.3,357.33,357.33,46.5,35.5,18,1.2,2.51,17.3,0
,,,,,,25,19.9,19.9,14.6,26.7,65,50,80,6783.3,2.2,15.48,15.48,358.4,358.4,122318.5,34.3,372.81,372.81,46.5,35.5,18,1.2,2.74,17.72,0
,,,,,,26,19.2,19.2,12.4,27.2,75.5,50,91,6345.3,1.8,15.52,15.52,377.6,377.6,128663.8,34.8,388.33,388.33,46.5,35.5,18,1.2,2.96,18.13,0
,,,,,,27,16.3,16.3,10.3,19.7,72,61,85,4232.2,3.7,15.56,15.56,393.9,393.9,132896,34.8,403.89,403.89,46.5,35.5,18,1.2,3.15,18.54,0.5
,,,,,,28,17.66,17.66,14.08,22.08,55.6,38,71,5786.93,3.62,15.63,15.63,411.56,411.56,138682.93,34.8,419.52,419.52,46.5,35.5,18,1.2,3.32,18.94,0
,,,,,,29,16.58,16.58,10.59,22.36,62.62,43,87,5786.93,3.72,15.67,15.67,428.14,428.14,144469.87,34.8,435.19,435.19,46.5,35.5,18,1.2,3.47,19.33,0
,,,,,,30,16.38,16.38,9.73,22.89,54.12,30,75,5786.93,3.25,15.7,15.7,444.52,444.52,150256.8,34.8,450.89,450.89,46.5,35.5,18,1.2,3.59,19.7,0
,,,,,,31,17.91,17.91,10.68,24.54,57,36,83,5786.93,3.12,15.74,15.74,462.43,462.43,156043.73,34.8,466.63,466.63,46.5,35.5,18,1.2,3.69,20.07,0
,,,,,,32,18.51,18.51,11.88,24.34,51.38,31,73,5786.93,4.16,15.77,15.77,480.94,480.94,161830.67,34.8,482.4,482.4,46.5,35.5,18,1.2,3.78,20.42,0
