nFK_0010_Vortag,nFK_1020_Vortag,nFK_2030_Vortag,nFK_3040_Vortag,nFK_4050_Vortag,nFK_5060_Vortag,tage_seit_aussaat,Tmean_gradC,Tmean_th9_25_gradC,Tmin_gradC,Tmax_gradC,relLuftfeuchte_mean_prozent,relLuftfeuchte_min_prozent,relLuftfeuchte_max_prozent,globalstrahlung_Wh_m2,windgeschwindigkeit_m_s,tageslicht_h,tageslicht_h_th9,Tmean_gradC_sum,Tmean_th9_25_gradC_sum,globalstrahlung_Wh_m2_sum,niederschlag_mm_sum,tageslicht_h_sum,tageslicht_h_th9_sum,Ton_prozent,Schluff_prozent,Sand_prozent,C_org_prozent,ibi,irmi,wasser_input_Vortag
78.1,79,61.5,37.8,25.9,34,1,26.4,25,20.9,32.6,62.8,44,79,6072.8,1.8,14.04,14.04,26.4,25,6072.8,10,14.04,14.04,29,56,15,1.2,0.18,10.63,0
,,,,,,2,24.8,24.8,18,31,67,46,86,6450.6,2.4,13.98,13.98,51.2,49.8,12523.4,10,28.02,28.02,29,56,15,1.2,0.18,10.63,10
,,,,,,3,22.6,22.6,16.5,29.6,66.2,48,82,6360.6,1.9,13.92,13.92,73.8,72.4,18884,10,41.94,41.94,29,56,15,1.2,0.18,10.63,0
,,,,,,4,21.9,21.9,16.4,30.6,75,46,92,3975.8,2.5,13.87,13.87,95.7,94.3,22859.8,13.1,55.81,55.81,29,56,15,1.2,0.18,10.63,0
,,,,,,5,22.2,22.2,17.7,28.3,80.8,63,97,3471.9,3.8,13.81,13.81,117.9,116.5,26331.7,19.3,69.62,69.62,29,56,15,1.2,0.18,10.63,3.1
,,,,,,6,19.4,19.4,14.9,23.2,73.2,51,96,3072.8,2.3,13.75,13.75,137.3,135.9,29404.5,19.3,83.37,83.37,29,56,15,1.2,0.18,10.63,6.2
,,,,,,7,17.4,17.4,11.7,21.7,81.2,68,95,2553.6,2,13.69,13.69,154.7,153.3,31958.1,19.3,97.06,97.06,29,56,15,1.2,0.22,11.03,0
,,,,,,8,14.9,14.9,10.3,19,78.8,64,93,2602.2,2.2,13.64,13.64,169.6,168.2,34560.3,19.3,110.7,110.7,29,56,15,1.2,0.27,11.43,0
,,,,,,9,16.2,16.2,12.7,21,74.8,59,83,2486.1,1.9,13.58,13.58,185.8,184.4,37046.4,19.6,124.28,124.28,29,56,15,1.2,0.32,11.83,0
,,,,,,10,16.9,16.9,12.9,22.8,76.8,58,94,4879.7,3.1,13.52,13.52,202.7,201.3,41926.1,22.6,137.8,137.8,29,56,15,1.2,0.39,12.23,0.3
,,,,,,11,15.9,15.9,10.9,21.2,72.5,49,88,3619.2,3.1,13.46,13.46,218.6,217.2,45545.3,35.4,151.26,151.26,29,56,15,1.2,0.47,12.63,3
,,,,,,12,17.9,17.9,14.1,22.9,88.8,77,97,2524.2,2.8,13.4,13.4,236.5,235.1,48069.5,38.4,164.66,164.66,29,56,15,1.2,0.57,13.03,12.8
,,,,,,13,18.7,18.7,11.8,25.7,84.2,64,98,5760.3,1.4,13.34,13.34,255.2,253.8,53829.8,38.4,178,178,29,56,15,1.2,0.68,13.43,3
,,,,,,14,19.4,19.4,14.4,24.9,79.8,65,95,5000.6,2.2,13.28,13.28,274.6,273.2,58830.4,38.4,191.28,191.28,29,56,15,1.2,0.81,13.83,0
,,,,,,15,20.3,20.3,11.7,28.5,68.2,41,93,6017.8,2,13.22,13.22,294.9,293.5,64848.2,38.4,204.5,204.5,29,56,15,1.2,0.95,14.23,0
,,,,,,16,21.1,21.1,12.4,29.4,62.8,43,81,6034.4,2,13.16,13.16,316,314.6,70882.6,38.4,217.66,217.66,29,56,15,1.2,1.11,14.62,0
,,,,,,17,20.3,20.3,11.1,29.2,70,46,93,5906.4,1.6,13.1,13.1,336.3,334.9,76789,38.4,230.76,230.76,29,56,15,1.2,1.28,15.01,0
,,,,,,18,21,21,13.4,30.2,68.8,50,87,5846.7,1.5,13.04,13.04,357.3,355.9,82635.7,38.4,243.8,243.8,29,56,15,1.2,1.47,15.4,0
,,,,,,19,20.5,20.5,11.3,29.7,75.5,46,94,5761.1,1,12.98,12.98,377.8,376.4,88396.8,53.4,256.78,256.78,29,56,15,1.2,1.67,15.78,0
,,,,,,20,20.7,20.7,12.2,30,78,50,95,5660.6,1,12.92,12.92,398.5,397.1,94057.4,53.4,269.7,269.7,29,56,15,1.2,1.87,16.15,15
,,,,,,21,21.1,21.1,12.8,30.7,77.5,49,96,5527.5,1,12.86,12.86,419.6,418.2,99584.9,53.4,282.56,282.56,29,56,15,1.2,2.08,16.52,0
,,,,,,22,20.8,20.8,12.1,30.4,78,48,95,5343.9,0.9,12.8,12.8,440.4,439,104928.8,53.4,295.36,295.36,29,56,15,1.2,2.28,16.88,0
,,,,,,23,21.2,21.2,14.7,30.5,80.2,55,94,4727.5,1.9,12.74,12.74,461.6,460.2,109656.3,67,308.1,308.1,29,56,15,1.2,2.48,17.24,0
,,,,,,24,20.3,20.3,16,24.4,76.5,66,88,2010.3,2.2,12.68,12.68,481.9,480.5,111666.6,67.1,320.78,320.78,29,56,15,1.2,2.67,17.59,13.6
,,,,,,25,16.4,16.4,12,21.4,70,54,87,5480.6,2.4,12.62,12.62,498.3,496.9,117147.2,67.1,333.4,333.4,29,56,15,1.2,2.85,17.93,0.1
,,,,,,26,17.4,17.4,10.9,25.5,74.8,59,87,5264.4,1.6,12.56,12.56,515.7,514.3,122411.6,67.1,345.96,345.96,29,56,15,1.2,3.02,18.26,0
,,,,,,27,19.8,19.8,11.8,27.4,78,56,95,4577.2,1.3,12.5,12.5,535.5,534.1,126988.8,82.1,358.46,358.46,29,56,15,1.2,3.17,18.59,0
,,,,,,28,21.7,21.7,15.9,29.4,81.2,56,97,4279.7,2.4,12.44,12.44,557.2,555.8,131268.5,83.7,370.9,370.9,29,56,15,1.2,3.3,18.9,15
,,,,,,29,19.9,19.9,15.8,24.8,83.2,71,95,2421.7,4.1,12.38,12.38,577.1,575.7,133690.2,84.7,383.28,383.28,29,56,15,1.2,3.42,19.21,1.6
,,,,,,30,18,18,15.3,22.2,72.8,54,92,4096.7,3.7,12.32,12.32,595.1,593.7,137786.9,84.7,395.6,395.6,29,56,15,1.2,3.53,19.51,1
,,,,,,31,18.6,18.6,12.3,25.8,69.8,52,85,4643.9,3.4,12.26,12.26,613.7,612.3,142430.8,84.7,407.86,407.86,29,56,15,1.2,3.62,19.8,0
,,,,,,32,18.2,18.2,12.5,24.8,75.8,57,95,2268.6,2.7,12.2,12.2,631.9,630.5,144699.4,90,420.06,420.06,29,56,15,1.2,3.7,20.08,0
,,,,,,33,15.5,15.5,11.4,20.9,82.2,58,92,3583.3,3.5,12.14,12.14,647.4,646,148282.7,91.6,432.2,432.2,29,56,15,1.2,3.76,20.36,5.3
,,,,,,34,13,13,7.3,19.1,76.8,56,96,3155.8,2.6,12.07,12.07,660.4,659,151438.5,91.6,444.27,444.27,29,56,15,1.2,3.82,20.62,1.6
,,,,,,35,12.3,12.3,5,20.7,78,54,92,4871.4,1.2,12.01,12.01,672.7,671.3,156309.9,91.6,456.28,456.28,29,56,15,1.2,3.87,20.88,0
,,,,,,36,12.8,12.8,4,22.7,77.8,45,93,4809.7,1.3,11.95,11.95,685.5,684.1,161119.6,91.6,468.23,468.23,29,56,15,1.2,3.91,21.12,0
,,,,,,37,14.2,14.2,6.2,24.3,82,58,93,4668.9,1,11.89,11.89,699.7,698.3,165788.5,91.6,480.12,480.12,29,56,15,1.2,3.94,21.36,0
,,,,,,38,15.6,15.6,8.2,25.4,83,61,95,4473.9,1.2,11.83,11.83,715.3,713.9,170262.4,91.6,491.95,491.95,29,56,15,1.2,3.97,21.59,0
,,,,,,39,18,18,11.3,26.2,80.8,54,95,4083.6,2,11.77,11.77,733.3,731.9,174346,91.6,503.72,503.72,29,56,15,1.2,4,21.81,0
,,,,,,40,19.2,19.2,13.8,26.7,77.2,54,96,2911.9,4.1,11.71,11.71,752.5,751.1,177257.9,91.6,515.43,515.43,29,56,15,1.2,4.02,22.03,0
,,,,,,41,15.7,15.7,8.8,21,76,57,92,3743.6,1.5,11.65,11.65,768.2,766.8,181001.5,91.6,527.08,527.08,29,56,15,1.2,4.03,22.23,0
,,,,,,42,14.4,14.4,6.6,23.5,81.8,54,96,4228.6,1.3,11.59,11.59,782.6,781.2,185230.1,91.6,538.67,538.67,29,56,15,1.2,4.05,22.43,0
,,,,,,43,15.7,15.7,7.8,25.9,82.5,57,97,4133.9,1.3,11.53,11.53,798.3,796.9,189364,111.6,550.2,550.2,29,56,15,1.2,4.06,22.62,0
,,,,,,44,15.28,15.28,12.23,19.34,62.4,42,82,4035.37,2.52,11.4,11.4,813.58,812.18,193399.37,111.6,561.6,561.6,29,56,15,1.2,4.07,22.8,20
,,,,,,45,14.24,14.24,11.11,18.19,65.12,47,80,4035.37,1.38,11.34,11.34,827.82,826.42,197434.73,111.6,572.94,572.94,29,56,15,1.2,4.08,22.98,0
,,,,,,46,15.64,15.64,10.81,21.37,57.75,38,78,4035.37,1.11,11.28,11.28,843.47,842.07,201470.1,111.6,584.22,584.22,29,56,15,1.2,4.08,23.14,0
,,,,,,47,18.37,18.37,13.39,24.74,46.25,28,60,4035.37,2.56,11.22,11.22,861.84,860.44,205505.47,111.6,595.44,595.44,29,56,15,1.2,4.09,23.31,0
,,,,,,48,16.81,16.81,13.32,21.63,57.5,51,62,4035.37,2.57,11.16,11.16,878.65,877.25,209540.83,111.6,606.6,606.6,29,56,15,1.2,4.09,23.46,0
